horizontally
Longtitute: 144.563109 to 145.298871
latitude: -38.159776 to -37.581419